Comp	Larg	Area
6	3.2	13.39077736
5.5	3.2	12.51658868
5	2.5	8.779992453
5	2.7	9.60374717
4.7	2.2	9.089320755
5	2.8	10.22688679
4	2.5	7.231109434
4.3	2.2	8.229701887
4.1	2.4	7.421637736
5	2.4	8.500924528
4.6	2.2	7.497849057
4.6	2.3	7.493366038
4.2	1.9	5.928792453
4	3.2	6.559777358
4	2	6.109233962
3.5	2.2	5.439022642
3.1	2.2	5.512992453
3.8	2.2	5.997158491
4.1	2.3	6.214584906
2	1.3	1.86045283
2.2	1.4	2.461177358
3	2	4.320509434
3.2	1.2	4.015664151
2.5	1.5	2.790679245
3.4	1.9	4.387754717
3.5	2.1	5.073656604
3.5	2.1	5.380743396
3.1	2	5.377381132
2.1	1.2	1.918732075
1.8	1.2	1.571298113
1.1	1.3	1.507415094
4.1	2	5.829045283
3.6	1.9	4.922354717
3.8	2	5.459196226
3.5	2.2	5.059086792
2.8	1.6	3.634607547
3.8	1.8	4.604060377
2.3	1.4	2.509369811
2.8	1.4	2.938618868
4.7	2.4	8.145645283
3.7	2.3	6.341230189
2.8	1.6	3.344332075
3.3	2.2	5.313498113
2.2	1.3	2.21909434
2.5	2.5	2.937498113
2.4	1.6	2.786196226
3.4	1.6	3.859879245
4.1	2.3	7.015924528
3.6	2	5.119607547
3.6	2.2	5.552218868
2.5	1.5	2.808611321
2.2	1.2	1.908645283
2.7	1.8	3.697369811
3	1.7	3.680558491
4.4	2	5.814676477
2.5	1.3	3.373544631
3.7	2.1	5.365791531
3.8	2.2	5.815027113
4.8	2.7	8.526569887
3.8	2.7	7.204669993
3.3	1.5	3.523126194
3.3	1.8	3.850901266
4.7	2.4	7.078721335
3.8	2.2	6.089084661
3.7	1.9	4.854142639
4.8	2.4	8.111836944
3.9	2.2	5.965239823
2.6	1.8	3.378944434
3.8	2.3	6.555080672
3.6	2.2	5.041452698
3.2	1.5	3.222630648
3.7	2.1	5.588165248
4	2.3	5.984454707
2.4	1.6	2.513853872
3.1	1.7	3.501106217
2.3	1.2	1.899678845
2.5	1.6	3.070664756
2.3	1.3	2.088110941
2.7	1.9	3.62537182
2.2	1.9	2.255504842
3.3	1.9	4.292212461
3.2	1.8	3.969977447
4.2	2.4	6.845968776
4.3	2.5	7.450185724
4.3	2.3	6.888606183
4.2	2.5	7.169185572
3.2	2.7	5.648544867
3.8	2.3	5.848477843
4.2	2	5.785012622
3.5	1.9	4.683102117
2.8	1.3	2.487205492
3.3	2	4.527629859
3.3	2	4.376856131
4.1	2	5.751702147
2.3	1.6	2.881391132
2.9	1.5	3.134059849
3.8	2.1	5.465021682
3.2	2.1	4.854072511
3.4	1.9	4.432677474
3.5	1.7	3.919696162
4	2.1	6.011453723
3	1.2	3.796272087
3.8	2.3	5.784451604
3.5	2.3	6.008297994
4	3.3	6.625207987
2.6	1.6	3.057200311
3.2	1.7	3.409519943
3.8	2.3	5.796583629
3.1	1.8	4.012684982
3	1.7	3.716677584
3	1.4	2.903972127
3.7	2	5.274415639
4	2.1	5.586061429
3.7	2.2	5.777859636
4.5	2.5	6.92500226
4	1.8	4.468512532
4.3	2.3	6.512303009
4.3	2.5	7.369889948
4.5	2.5	6.742881622
4.5	2.5	6.647578601
3	1.8	3.317723288
3.5	1.8	3.557208069
5.1	2.8	8.771945363
4.6	2.5	6.765673
3.5	1.8	4.004620341
4.8	3.8	8.753291498
4.3	1.8	4.517461398
4.8	2.8	8.390032004
2.9	1.5	2.72914473
5.5	3.1	10.87871017
6.3	3.5	12.96892493
3	1.5	3.233079618
4.8	2.5	6.662024828
6.3	3.3	13.35785102
5.8	3.2	11.95081657
5	2.5	8.0241778
4.5	2.5	6.882645362
5	3	9.249582508
3.8	2.1	5.240053255
2.1	1.5	2.910003076
5	2.3	7.043307041
4	1.8	4.678964605
5.8	3.1	12.20572936
4.2	2	5.534938616
5.4	3	10.68291471
3.8	2.5	6.638790566
6.4	2.8	11.82872547
3.6	1.8	4.201919575
3.5	1.9	4.797600708
5.1	2.5	8.414626415
4.2	2.2	6.402801651
3.5	2	5.052082075
4.8	2.6	8.595067925
4.1	2	5.54227217
4	1.9	5.576875472
4.4	2.1	6.587936321
3.8	1.8	5.123320047
5	2.4	8.559273821
5.8	3	11.61284009
5	2.4	8.23705684
4	2	5.341937264
5.2	2.4	8.515214151
3	1.7	3.595311085
3.1	2.3	5.036461557
3.5	1.5	3.714391274
4	2.2	5.619183962
3	1.9	4.196175708
2.9	1.5	2.756566274
2.4	1.8	2.242980425
4.7	2.4	7.35866533
5.4	2.6	9.539163679
4.6	2.8	8.577906368
3.2	2	4.182096226
3.5	1.8	4.028973113
2.9	1.5	3.0479625
3.3	2	4.627596226
4.5	2.1	6.018382783
4.6	2.3	7.168417217
3.5	1.8	4.42256816
3.4	1.5	3.560567689
2.2	1.3	1.933512028
4.3	2.2	7.494416745
3.9	1.7	4.201709434
2.5	1.44	2.326266509
3.3	1.8	3.964669811
3	1.5	3.250538915
2.5	1.3	2.131675472
2.5	1.4	2.439883019
2	1.4	2.031157783
3.3	1.8	4.052088679
5	2.8	9.657613443
3.5	2	4.803694811
2.7	1.5	2.91753467
3.3	1.8	4.088933491
2.4	1.2	1.864725708
2.2	1.2	1.93694434
2.4	1.2	2.038022406
2	1.3	1.83495566
4.1	1.9	4.794588679
3.8	2.4	5.930473585
4	2.3	6.149020755
4.3	2.1	5.89124717
3	1.8	3.914586085
3.9	2	5.029807075
2.5	1.8	2.248304009
1.9	1.3	1.736679481
2.5	1.5	2.475677123
2.1	1.2	1.838528066
2.5	1.7	2.998158962
3	1.6	3.208300472
2.7	1.7	3.116188443
2.4	1.4	2.160885142
3	1.5	3.012728774
4.2	2.3	6.107342689
3.3	1.7	3.754738443
3.6	1.9	4.325903066
3.9	1.7	4.599577358
3.8	2.4	6.439226179
3.2	2.1	4.47776533
4.2	2	5.574073585
5.5	3.2	11.27759434
4.7	2.3	7.000584198
3.2	1.4	2.955500236
4.5	2.5	7.21983184
2.5	1.8	3.252920519
2.2	1.5	2.420199764
3	1.4	2.849028538
3.6	1.7	4.074013443
3	1.3	2.010283726
2.2	1.4	3.66521816
2	1	1.391977358
1.9	1.1	1.473932547
2	1.3	1.740602123
3.7	2	5.362040802
3.4	2	4.287587264
2.4	1.4	2.244941745
3.5	1.9	4.607352594
3.2	1.4	2.931544104
2.9	1.4	2.645611557
2.5	1.4	2.264344811
2	1.4	1.93743467
2	1.2	1.664741038
2.4	1.4	2.127122406
2.5	1.5	2.741366038
2.5	1.5	2.678463679
2.6	1.3	2.353584906
2.9	1.7	3.063723113
3.8	1.8	4.659467689
2.3	1.2	1.910256368
2.2	1.3	1.955716981
2.7	1.5	2.866960613
4.3	1.9	5.34698066
2.5	1.5	2.746199292
2.5	1.4	2.315199057
5	2.6	8.342337736
4.3	2.3	6.043179481
4	1.9	4.579964151
3.2	1.6	3.18805684
5	2.7	9.67379434
3.4	1.9	4.684824764
3.5	2.2	4.900710142
3	1.6	3.181892689
2.7	1.6	2.845596226
2.9	1.7	3.534930425
2.4	1.5	1.975120047
2.7	1.5	2.806019575
2.2	1	1.277450236
1.5	0.6	0.60240566
2.7	1.5	2.802657311
2.3	1.3	1.987728538
2.5	1.7	3.233377358
2	1.2	1.854919104
3.4	1.7	3.89714434
2.3	1.3	2.116054953
2.3	1.4	2.210548585
6.4	3.9	15.25193066
7.6	4.5	22.42364009
6.9	3.9	17.75401557
6.6	3.9	17.30872571
6.9	3.9	17.6208559
6	3.5	13.74311462
4.8	2.8	8.850249764
5	2.4	7.757724057
6	3.2	12.71082948
7.3	4	19.27719127
3.8	2.2	5.873034906
3	2.1	4.78814434
6.9	4	17.9968691
6.1	3.5	14.18034906
5	2.3	7.580854953
5.6	3.3	11.19073585
4.4	2.4	6.892571462
4.9	2.8	9.245455896
6.1	2.6	11.07011462
5	2.3	8.006951887
5.4	2.5	9.096955896
5.5	3	11.19704009
7.8	4	21.16692382
5.7	2.6	10.12237642
4.5	2.5	7.937745283
5.3	2.8	9.305626415
3.8	2.3	6.082265802
5	2.5	8.711416274
4.1	2.3	6.677736792
4.8	2.5	7.949653302
3.8	2.2	6.35902217
5.2	2.7	9.495244104
3.4	1.7	3.647916509
4.2	1.9	5.458425708
5.6	2.9	10.45425991
2.5	1	1.698713915
4	2.2	6.335696462
6	4	16.69147005
6.9	3.5	14.99990094
5.5	2.8	9.800859906
6.7	3.9	16.45555118
6	3	11.53270613
6	3.8	16.30551014
5	3	10.36333868
3.5	2	4.66934434
5.5	3.1	12.06233278
6.6	3.9	16.83758844
4.4	2.5	8.224588443
5.3	3.5	12.4554375
3.3	2.2	5.273571226
5.2	3	5.352234198
3.5	2.2	10.38344222
6.7	2.7	12.17650967
6.2	3.4	13.06036486
4.8	2.8	8.422962028
5	2.8	9.754908962
5	2.5	8.127082783
3.5	2	5.151198821
5	2.8	7.825249528
5.4	3.3	11.86823208
4.8	2.7	8.466461321
3.4	2.2	5.243100708
3	2.5	5.552709198
3.8	1.7	4.342294104
3	2	4.565814623
3.3	1.8	4.145181368
3.5	2	4.821837028
2	1.4	2.009513208
2.5	1.7	2.991574528
5.3	3.2	10.23606297
3.1	3.3	4.733017217
2.3	1.4	1.984436321
1.8	1	1.18849033
2.3	1.4	1.984436321
1.8	1	1.18849033
